1.834367541766109753e+02
1.653937947494033267e+02
1.804295942720763719e+02
1.764200477326969008e+02
1.714081145584725334e+02
1.744152744630071368e+02
1.924582338902147853e+02
2.105011933174224339e+02
1.593794749403341200e+02
2.024821002386634632e+02
1.934606205250596531e+02
1.704057279236276656e+02
1.854415274463007108e+02
1.573747016706443844e+02
1.724105011933174012e+02
1.653937947494033267e+02
1.734128878281622690e+02
1.854415274463007108e+02
1.924582338902147853e+02
1.704057279236276656e+02
